power
700.6942227474442
701.2282154034407
700.8900737699868
700.8900737699868
700.8900737699868
700.8900737699868
700.8900737699868
700.8900737699868
700.8900737699868
700.8900737699868
700.8900737699868
700.8900737699868
700.8900737699868
700.8900737699868
700.8900737699868
700.8900737699868
700.8900737699868
700.8900737699868
700.8900737699868
700.8900737699868
700.8900737699868
700.8900737699868
700.8900737699868
700.8900737699868
700.8900737699868
700.8900737699868
700.8900737699868
700.8900737699868
700.8900737699868
700.8900737699868
700.8900737699868
700.8900737699868
700.8900737699868
700.8900737699868
700.8900737699868
700.8900737699868
700.8900737699868
700.8900737699868
700.8900737699868
700.8900737699868
700.8900737699868
700.8900737699868
700.8900737699868
700.8900737699868
700.8900737699868
700.8900737699868
700.8900737699868
700.8900737699868
700.8900737699868
700.8900737699868
700.8900737699868
700.8900737699868
700.8900737699868
700.8900737699868
700.8900737699868
700.8900737699868
700.8900737699868
700.8900737699868
700.8900737699868
700.8900737699868
700.8900737699868
700.8900737699868
700.8900737699868
700.8900737699868
700.8900737699868
700.8900737699868
700.8900737699868
700.8900737699868
700.8900737699868
700.8900737699868
700.8900737699868
700.8900737699868
700.8900737699868
700.8900737699868
700.8900737699868
700.8900737699868
700.8900737699868
700.8900737699868
700.8900737699868
700.8900737699868
700.8900737699868
700.8900737699868
700.8900737699868
700.8900737699868
700.8900737699868
700.8900737699868
700.8900737699868
700.8900737699868
700.8900737699868
700.8900737699868
700.8900737699868
700.8900737699868
700.8900737699868
700.8900737699868
700.8900737699868
700.8900737699868
700.8900737699868
700.8900737699868
700.8900737699868
700.8900737699868
700.8900737699868
700.8900737699868
700.8900737699868
700.8900737699868
700.8900737699868
700.8900737699868
700.8900737699868
700.8900737699868
700.8900737699868
700.8900737699868
700.8900737699868
700.8900737699868
700.8900737699868
700.8900737699868
700.8900737699868
700.8900737699868
700.8900737699868
700.8900737699868
700.8900737699868
700.8900737699868
700.8900737699868
700.8900737699868
700.8900737699868
700.8900737699868
700.8900737699868
700.8900737699868
700.8900737699868
700.8900737699868
700.8900737699868
700.8900737699868
700.8900737699868
700.8900737699868
700.8900737699868
700.8900737699868
700.8900737699868
700.8900737699868
700.8900737699868
700.8900737699868
700.8900737699868
700.8900737699868
700.8900737699868
700.8900737699868
700.8900737699868
700.8900737699868
700.8900737699868
700.8900737699868
700.8900737699868
700.8900737699868
700.8900737699868
700.8900737699868
700.8900737699868
700.8900737699868
700.8900737699868
700.8900737699868
700.8900737699868
700.8900737699868
700.8900737699868
700.8900737699868
700.8900737699868
700.8900737699868
700.8900737699868
700.8900737699868
700.8900737699868
700.8900737699868
700.8900737699868
700.8900737699868
700.8900737699868
700.8900737699868
